2 1
3 2
5 2
7 3
11 3
13 3
17 2
19 3
23 4
29 4
31 5
37 3
41 3
43 4
47 5
53 4
59 5
61 5
67 3
71 4
73 3
79 5
83 4
89 4
97 3
101 4
103 5
107 5
109 5
113 4
127 7
131 3
137 3
139 4
149 4
151 5
157 5
163 4
167 5
173 5
179 5
181 5
191 7
193 3
197 4
199 5
211 5
223 7
227 5
229 5
233 5
239 7
241 5
251 7
257 2
263 4
269 4
271 5
277 4
281 4
283 5
293 4
307 5
311 6
313 5
317 6
331 5
337 4
347 6
349 6
353 4
359 6
367 7
373 6
379 7
383 8
389 4
397 5
401 4
409 5
419 5
421 5
431 7
433 5
439 7
443 7
449 4
457 5
461 6
463 7
467 6
479 8
487 7
491 7
499 7
503 8
509 8
521 3
523 4
541 5
547 4
557 5
563 5
569 5
571 6
577 3
587 5
593 4
599 6
601 5
607 7
613 5
617 5
619 6
631 7
641 3
643 4
647 5
653 5
659 5
661 5
673 4
677 5
683 6
691 6
701 7
709 5
719 7
727 7
733 7
739 6
743 7
751 8
757 7
761 7
769 3
773 4
787 5
797 6
809 5
811 6
821 6
823 7
827 7
829 7
839 6
853 6
857 6
859 7
863 8
877 7
881 6
883 7
887 8
907 6
911 7
919 7
929 5
937 6
941 7
947 7
953 7
967 7
971 7
977 6
983 8
991 9
997 7
1009 7
1013 8
1019 9
1021 9
1031 4
1033 3
1039 5
1049 4
1051 5
1061 4
1063 5
1069 5
1087 7
1091 4
1093 4
1097 4
1103 6
1109 5
1117 6
1123 5
1129 5
1151 8
1153 3
1163 5
1171 5
1181 6
1187 5
1193 5
1201 5
1213 7
1217 4
1223 6
1229 6
1231 7
1237 6
1249 5
1259 7
1277 8
1279 9
1283 4
1289 4
1291 5
1297 4
1301 5
1303 6
1307 6
1319 6
1321 5
1327 7
1361 5
1367 7
1373 7
1381 6
1399 8
1409 4
1423 7
1427 6
1429 6
1433 6
1439 8
1447 7
1451 7
1453 7
1459 7
1471 9
1481 6
1483 7
1487 8
1489 6
1493 7
1499 8
1511 8
1523 8
1531 9
1543 5
1549 5
1553 4
1559 6
1567 7
1571 5
1579 6
1583 7
1597 7
1601 4
1607 6
1609 5
1613 6
1619 6
1621 6
1627 7
1637 6
1657 7
1663 9
1667 5
1669 5
1693 7
1697 5
1699 6
1709 7
1721 7
1723 8
1733 6
1741 7
1747 7
1753 7
1759 9
1777 7
1783 9
1787 9
1789 9
1801 5
1811 6
1823 8
1831 7
1847 8
1861 6
1867 7
1871 8
1873 6
1877 7
1879 8
1889 6
1901 8
1907 8
1913 8
1931 7
1933 7
1949 8
1951 9
1973 8
1979 9
1987 7
1993 7
1997 8
1999 9
2003 8
2011 9
2017 7
2027 9
2029 9
2039 10
2053 3
2063 5
2069 4
2081 3
2083 4
2087 5
2089 4
2099 5
2111 7
2113 3
2129 4
2131 5
2137 5
2141 6
2143 7
2153 5
2161 5
2179 4
2203 6
2207 7
2213 5
2221 6
2237 7
2239 8
2243 5
2251 6
2267 7
2269 7
2273 5
2281 6
2287 8
2293 7
2297 7
2309 4
2311 5
2333 6
2339 5
2341 5
2347 6
2351 7
2357 6
2371 5
2377 5
2381 6
2383 7
2389 6
2393 6
2399 8
2411 7
2417 6
2423 8
2437 5
2441 5
2447 7
2459 7
2467 6
2473 6
2477 7
2503 7
2521 7
2531 7
2539 8
2543 9
2549 8
2551 9
2557 9
2579 5
2591 7
2593 4
2609 5
2617 6
2621 7
2633 5
2647 7
2657 5
2659 6
2663 7
2671 8
2677 7
2683 8
2687 9
2689 4
2693 5
2699 6
2707 6
2711 7
2713 6
2719 8
2729 6
2731 7
2741 7
2749 8
2753 5
2767 8
2777 7
2789 7
2791 8
2797 8
2801 7
2803 8
2819 5
2833 5
2837 6
2843 7
2851 6
2857 6
2861 7
2879 9
2887 7
2897 6
2903 8
2909 8
2917 7
2927 9
2939 9
2953 6
2957 7
2963 7
2969 7
2971 8
2999 9
