1 0
2 1
3 1
4 2
5 1
6 2
7 2
8 3
9 1
10 2
11 2
12 3
13 2
14 3
15 3
16 4
17 1
18 2
19 2
20 3
21 2
22 3
23 3
24 4
25 2
26 3
27 3
28 4
29 3
30 4
31 4
32 5
33 1
34 2
35 2
36 3
37 2
38 3
39 3
40 4
41 2
42 3
43 3
44 4
45 3
46 4
47 4
48 5
49 2
50 3
51 3
52 4
53 3
54 4
55 4
56 5
57 3
58 4
59 4
60 5
61 4
62 5
63 5
64 6
65 1
66 2
67 2
68 3
69 2
70 3
71 3
72 4
73 2
74 3
75 3
76 4
77 3
78 4
79 4
80 5
81 2
82 3
83 3
84 4
85 3
86 4
87 4
88 5
89 3
90 4
91 4
92 5
93 4
94 5
95 5
96 6
97 2
98 3
99 3
100 4
101 3
102 4
103 4
104 5
105 3
106 4
107 4
108 5
109 4
110 5
111 5
112 6
113 3
114 4
115 4
116 5
117 4
118 5
119 5
120 6
121 4
122 5
123 5
124 6
125 5
126 6
127 6
128 7
129 1
130 2
131 2
132 3
133 2
134 3
135 3
136 4
137 2
138 3
139 3
140 4
141 3
142 4
143 4
144 5
145 2
146 3
147 3
148 4
149 3
150 4
151 4
152 5
153 3
154 4
155 4
156 5
157 4
158 5
159 5
160 6
161 2
162 3
163 3
164 4
165 3
166 4
167 4
168 5
169 3
170 4
171 4
172 5
173 4
174 5
175 5
176 6
177 3
178 4
179 4
180 5
181 4
182 5
183 5
184 6
185 4
186 5
187 5
188 6
189 5
190 6
191 6
192 7
193 2
194 3
195 3
196 4
197 3
198 4
199 4
200 5
201 3
202 4
203 4
204 5
205 4
206 5
207 5
208 6
209 3
210 4
211 4
212 5
213 4
214 5
215 5
216 6
217 4
218 5
219 5
220 6
221 5
222 6
223 6
224 7
225 3
226 4
227 4
228 5
229 4
230 5
231 5
232 6
233 4
234 5
235 5
236 6
237 5
238 6
239 6
240 7
241 4
242 5
243 5
244 6
245 5
246 6
247 6
248 7
249 5
250 6
251 6
252 7
253 6
254 7
255 7
256 8
